timeStamp,elapsed,label,responseCode,responseMessage,threadName,dataType,success,failureMessage,bytes,sentBytes,grpThreads,allThreads,URL,Latency,IdleTime,Connect
1675069133418,674,Add money,200,OK,Users 1-1,text,true,,189,263,1,1,http://34.89.81.227/deposit_money,674,0,46
1675069134093,644,Add money,200,OK,Users 1-1,text,true,,189,263,1,1,http://34.89.81.227/deposit_money,644,0,46
1675069134738,658,Add money,200,OK,Users 1-1,text,true,,189,263,1,1,http://34.89.81.227/deposit_money,658,0,45
1675069135397,665,Add money,200,OK,Users 1-1,text,true,,189,263,1,1,http://34.89.81.227/deposit_money,665,0,42
1675069136064,664,Add money,200,OK,Users 1-1,text,true,,189,263,1,1,http://34.89.81.227/deposit_money,664,0,43
1675069136729,642,Add money,200,OK,Users 1-1,text,true,,189,263,1,1,http://34.89.81.227/deposit_money,642,0,42
1675069137372,691,Add money,200,OK,Users 1-1,text,true,,189,263,1,1,http://34.89.81.227/deposit_money,691,0,41
1675069138065,593,Add money,200,OK,Users 1-1,text,true,,189,263,1,1,http://34.89.81.227/deposit_money,593,0,41
1675069138659,655,Add money,200,OK,Users 1-1,text,true,,189,263,1,1,http://34.89.81.227/deposit_money,654,0,40
1675069139314,696,Add money,200,OK,Users 1-1,text,true,,189,263,1,1,http://34.89.81.227/deposit_money,696,0,41
1675069140011,593,Add money,200,OK,Users 1-1,text,true,,189,263,1,1,http://34.89.81.227/deposit_money,593,0,44
1675069140605,624,Add money,200,OK,Users 1-1,text,true,,189,263,1,1,http://34.89.81.227/deposit_money,624,0,41
1675069141230,590,Add money,200,OK,Users 1-1,text,true,,189,263,1,1,http://34.89.81.227/deposit_money,589,0,40
1675069141820,634,Add money,200,OK,Users 1-1,text,true,,189,263,1,1,http://34.89.81.227/deposit_money,634,0,41
1675069142455,627,Add money,200,OK,Users 1-1,text,true,,189,263,1,1,http://34.89.81.227/deposit_money,627,0,46
1675069143082,763,Add money,200,OK,Users 1-1,text,true,,189,263,1,1,http://34.89.81.227/deposit_money,763,0,41
1675069143845,642,Add money,200,OK,Users 1-1,text,true,,189,263,1,1,http://34.89.81.227/deposit_money,642,0,45
1675069144488,620,Add money,200,OK,Users 1-1,text,true,,189,263,1,1,http://34.89.81.227/deposit_money,620,0,42
1675069145109,721,Add money,200,OK,Users 1-1,text,true,,189,263,1,1,http://34.89.81.227/deposit_money,721,0,40
1675069145831,592,Add money,200,OK,Users 1-1,text,true,,189,263,1,1,http://34.89.81.227/deposit_money,592,0,45
1675069146424,612,Add money,200,OK,Users 1-1,text,true,,189,263,1,1,http://34.89.81.227/deposit_money,612,0,42
1675069147037,603,Add money,200,OK,Users 1-1,text,true,,189,263,1,1,http://34.89.81.227/deposit_money,603,0,43
1675069147641,582,Add money,200,OK,Users 1-1,text,true,,189,263,1,1,http://34.89.81.227/deposit_money,582,0,39
1675069148223,584,Add money,200,OK,Users 1-1,text,true,,189,263,1,1,http://34.89.81.227/deposit_money,584,0,44
1675069148808,696,Add money,200,OK,Users 1-1,text,true,,189,263,1,1,http://34.89.81.227/deposit_money,696,0,44
1675069149505,602,Add money,200,OK,Users 1-1,text,true,,189,263,1,1,http://34.89.81.227/deposit_money,602,0,44
1675069150108,599,Add money,200,OK,Users 1-1,text,true,,189,263,1,1,http://34.89.81.227/deposit_money,599,0,40
1675069150708,355,Add money,500,INTERNAL SERVER ERROR,Users 1-1,text,false,,443,263,1,1,http://34.89.81.227/deposit_money,355,0,42
1675069151064,626,Add money,200,OK,Users 1-1,text,true,,189,263,1,1,http://34.89.81.227/deposit_money,626,0,41
1675069151691,592,Add money,200,OK,Users 1-1,text,true,,189,263,1,1,http://34.89.81.227/deposit_money,591,0,40
1675069152283,589,Add money,200,OK,Users 1-1,text,true,,189,263,1,1,http://34.89.81.227/deposit_money,589,0,40
1675069152874,646,Add money,200,OK,Users 1-1,text,true,,189,263,1,1,http://34.89.81.227/deposit_money,646,0,43
1675069153521,612,Add money,200,OK,Users 1-1,text,true,,189,263,1,1,http://34.89.81.227/deposit_money,612,0,40
1675069154133,600,Add money,200,OK,Users 1-1,text,true,,189,263,1,1,http://34.89.81.227/deposit_money,600,0,42
1675069154734,645,Add money,200,OK,Users 1-1,text,true,,189,263,1,1,http://34.89.81.227/deposit_money,645,0,45
1675069155380,563,Add money,200,OK,Users 1-1,text,true,,189,263,1,1,http://34.89.81.227/deposit_money,563,0,44
1675069155943,566,Add money,200,OK,Users 1-1,text,true,,189,263,1,1,http://34.89.81.227/deposit_money,566,0,41
1675069156510,646,Add money,200,OK,Users 1-1,text,true,,189,263,1,1,http://34.89.81.227/deposit_money,646,0,40
1675069157157,601,Add money,200,OK,Users 1-1,text,true,,189,263,1,1,http://34.89.81.227/deposit_money,601,0,40
1675069157759,572,Add money,200,OK,Users 1-1,text,true,,189,263,1,1,http://34.89.81.227/deposit_money,572,0,42
1675069158332,629,Add money,200,OK,Users 1-1,text,true,,189,263,1,1,http://34.89.81.227/deposit_money,629,0,44
1675069158961,591,Add money,200,OK,Users 1-1,text,true,,189,263,1,1,http://34.89.81.227/deposit_money,591,0,41
1675069159553,755,Add money,200,OK,Users 1-1,text,true,,189,263,1,1,http://34.89.81.227/deposit_money,755,0,43
1675069160309,566,Add money,200,OK,Users 1-1,text,true,,189,263,1,1,http://34.89.81.227/deposit_money,566,0,40
1675069160876,620,Add money,200,OK,Users 1-1,text,true,,189,263,1,1,http://34.89.81.227/deposit_money,620,0,40
1675069161496,591,Add money,200,OK,Users 1-1,text,true,,189,263,1,1,http://34.89.81.227/deposit_money,591,0,44
1675069162087,587,Add money,200,OK,Users 1-1,text,true,,189,263,1,1,http://34.89.81.227/deposit_money,587,0,41
1675069162675,608,Add money,200,OK,Users 1-1,text,true,,189,263,1,1,http://34.89.81.227/deposit_money,608,0,41
1675069163284,573,Add money,200,OK,Users 1-1,text,true,,189,263,1,1,http://34.89.81.227/deposit_money,573,0,43
1675069163858,614,Add money,200,OK,Users 1-1,text,true,,189,263,1,1,http://34.89.81.227/deposit_money,614,0,45
1675069164473,591,Add money,200,OK,Users 1-1,text,true,,189,263,1,1,http://34.89.81.227/deposit_money,591,0,44
1675069165065,633,Add money,200,OK,Users 1-1,text,true,,189,263,1,1,http://34.89.81.227/deposit_money,633,0,45
1675069165699,588,Add money,200,OK,Users 1-1,text,true,,189,263,1,1,http://34.89.81.227/deposit_money,588,0,40
1675069166288,563,Add money,200,OK,Users 1-1,text,true,,189,263,1,1,http://34.89.81.227/deposit_money,563,0,40
1675069166851,571,Add money,200,OK,Users 1-1,text,true,,189,263,1,1,http://34.89.81.227/deposit_money,571,0,43
1675069167422,587,Add money,200,OK,Users 1-1,text,true,,189,263,1,1,http://34.89.81.227/deposit_money,587,0,41
1675069168010,646,Add money,200,OK,Users 1-1,text,true,,189,263,1,1,http://34.89.81.227/deposit_money,646,0,41
1675069168656,639,Add money,200,OK,Users 1-1,text,true,,189,263,1,1,http://34.89.81.227/deposit_money,639,0,41
1675069169296,587,Add money,200,OK,Users 1-1,text,true,,189,263,1,1,http://34.89.81.227/deposit_money,587,0,42
1675069169883,626,Add money,200,OK,Users 1-1,text,true,,189,263,1,1,http://34.89.81.227/deposit_money,626,0,44
1675069170510,574,Add money,200,OK,Users 1-1,text,true,,189,263,1,1,http://34.89.81.227/deposit_money,574,0,40
1675069171085,632,Add money,200,OK,Users 1-1,text,true,,189,263,1,1,http://34.89.81.227/deposit_money,632,0,43
1675069171718,591,Add money,200,OK,Users 1-1,text,true,,189,263,1,1,http://34.89.81.227/deposit_money,591,0,41
1675069172310,621,Add money,200,OK,Users 1-1,text,true,,189,263,1,1,http://34.89.81.227/deposit_money,621,0,40
1675069172931,568,Add money,200,OK,Users 1-1,text,true,,189,263,1,1,http://34.89.81.227/deposit_money,568,0,42
1675069173500,598,Add money,200,OK,Users 1-1,text,true,,189,263,1,1,http://34.89.81.227/deposit_money,598,0,40
1675069174098,729,Add money,200,OK,Users 1-1,text,true,,189,263,1,1,http://34.89.81.227/deposit_money,729,0,41
1675069174828,642,Add money,200,OK,Users 1-1,text,true,,189,263,1,1,http://34.89.81.227/deposit_money,642,0,43
1675069175471,660,Add money,200,OK,Users 1-1,text,true,,189,263,1,1,http://34.89.81.227/deposit_money,660,0,40
1675069176132,668,Add money,200,OK,Users 1-1,text,true,,189,263,1,1,http://34.89.81.227/deposit_money,668,0,42
1675069176800,601,Add money,200,OK,Users 1-1,text,true,,189,263,1,1,http://34.89.81.227/deposit_money,601,0,42
1675069177402,635,Add money,200,OK,Users 1-1,text,true,,189,263,1,1,http://34.89.81.227/deposit_money,635,0,39
1675069178038,837,Add money,200,OK,Users 1-1,text,true,,189,263,1,1,http://34.89.81.227/deposit_money,837,0,41
1675069178876,681,Add money,200,OK,Users 1-1,text,true,,189,263,1,1,http://34.89.81.227/deposit_money,681,0,44
1675069179558,587,Add money,200,OK,Users 1-1,text,true,,189,263,1,1,http://34.89.81.227/deposit_money,587,0,41
1675069180146,598,Add money,200,OK,Users 1-1,text,true,,189,263,1,1,http://34.89.81.227/deposit_money,598,0,42
1675069180745,672,Add money,200,OK,Users 1-1,text,true,,189,263,1,1,http://34.89.81.227/deposit_money,672,0,42
1675069181417,619,Add money,200,OK,Users 1-1,text,true,,189,263,1,1,http://34.89.81.227/deposit_money,619,0,43
1675069182037,647,Add money,200,OK,Users 1-1,text,true,,189,263,1,1,http://34.89.81.227/deposit_money,647,0,49
1675069182685,619,Add money,200,OK,Users 1-1,text,true,,189,263,1,1,http://34.89.81.227/deposit_money,619,0,40
1675069183305,567,Add money,200,OK,Users 1-1,text,true,,189,263,1,1,http://34.89.81.227/deposit_money,567,0,41
1675069183872,663,Add money,200,OK,Users 1-1,text,true,,189,263,1,1,http://34.89.81.227/deposit_money,662,0,41
1675069184535,807,Add money,200,OK,Users 1-1,text,true,,189,263,1,1,http://34.89.81.227/deposit_money,807,0,40
1675069185343,617,Add money,200,OK,Users 1-1,text,true,,189,263,1,1,http://34.89.81.227/deposit_money,617,0,41
1675069185961,668,Add money,200,OK,Users 1-1,text,true,,189,263,1,1,http://34.89.81.227/deposit_money,668,0,43
1675069186629,628,Add money,200,OK,Users 1-1,text,true,,189,263,1,1,http://34.89.81.227/deposit_money,628,0,39
1675069187258,584,Add money,200,OK,Users 1-1,text,true,,189,263,1,1,http://34.89.81.227/deposit_money,584,0,43
1675069187841,679,Add money,200,OK,Users 1-1,text,true,,189,263,1,1,http://34.89.81.227/deposit_money,679,0,43
1675069188521,797,Add money,200,OK,Users 1-1,text,true,,189,263,1,1,http://34.89.81.227/deposit_money,797,0,40
1675069189318,755,Add money,200,OK,Users 1-1,text,true,,189,263,1,1,http://34.89.81.227/deposit_money,755,0,43
1675069190074,571,Add money,200,OK,Users 1-1,text,true,,189,263,1,1,http://34.89.81.227/deposit_money,571,0,40
1675069190646,599,Add money,200,OK,Users 1-1,text,true,,189,263,1,1,http://34.89.81.227/deposit_money,599,0,41
1675069191246,590,Add money,200,OK,Users 1-1,text,true,,189,263,1,1,http://34.89.81.227/deposit_money,590,0,44
1675069191837,577,Add money,200,OK,Users 1-1,text,true,,189,263,1,1,http://34.89.81.227/deposit_money,577,0,41
1675069192414,560,Add money,200,OK,Users 1-1,text,true,,189,263,1,1,http://34.89.81.227/deposit_money,560,0,40
1675069192975,583,Add money,200,OK,Users 1-1,text,true,,189,263,1,1,http://34.89.81.227/deposit_money,583,0,40
